0.000000000000000000e+00 2.030000000000000120e-03 4.490000000000000067e-03 2.219999999999999751e-03
1.000000000000000000e+01 2.030000000000000120e-03 4.499999999999999660e-03 2.219999999999999751e-03
2.000000000000000000e+01 2.050000000000000173e-03 4.519999999999999712e-03 2.250000000000000264e-03
3.000000000000000000e+01 2.100000000000000304e-03 4.550000000000000225e-03 2.309999999999999987e-03
4.000000000000000000e+01 2.179999999999999646e-03 4.609999999999999515e-03 2.419999999999999842e-03
5.000000000000000000e+01 2.269999999999999882e-03 4.670000000000000540e-03 2.539999999999999723e-03
6.000000000000000000e+01 2.409999999999999816e-03 4.769999999999999934e-03 2.720000000000000195e-03
7.000000000000000000e+01 2.560000000000000209e-03 4.890000000000000249e-03 2.900000000000000234e-03
8.000000000000000000e+01 2.729999999999999788e-03 5.030000000000000616e-03 3.109999999999999917e-03
9.000000000000000000e+01 2.899999999999999800e-03 5.190000000000000169e-03 3.320000000000000034e-03
1.000000000000000000e+02 3.079999999999999405e-03 5.369999999999999774e-03 3.560000000000000230e-03
1.100000000000000000e+02 3.279999999999999496e-03 5.559999999999999838e-03 3.800000000000000426e-03
1.200000000000000000e+02 3.490000000000000047e-03 5.780000000000000415e-03 4.060000000000000241e-03
1.300000000000000000e+02 3.700000000000000164e-03 6.009999999999999717e-03 4.300000000000000003e-03
1.400000000000000000e+02 3.919999999999999873e-03 6.240000000000000754e-03 4.569999999999999410e-03
1.500000000000000000e+02 4.139999999999999583e-03 6.490000000000000109e-03 4.839999999999999684e-03
1.600000000000000000e+02 4.360000000000000160e-03 6.739999999999999464e-03 5.109999999999999959e-03
1.700000000000000000e+02 4.590000000000000330e-03 7.020000000000000198e-03 5.369999999999999774e-03
1.800000000000000000e+02 4.819999999999999632e-03 7.289999999999999605e-03 5.640000000000000048e-03
1.900000000000000000e+02 5.040000000000000209e-03 7.570000000000000340e-03 5.910000000000000323e-03
2.000000000000000000e+02 5.270000000000000379e-03 7.839999999999999747e-03 6.210000000000000242e-03
2.100000000000000000e+02 5.509999999999999273e-03 8.130000000000000074e-03 6.479999999999999649e-03
2.200000000000000000e+02 5.740000000000000310e-03 8.420000000000000401e-03 6.749999999999999924e-03
2.300000000000000000e+02 5.970000000000000480e-03 8.720000000000000320e-03 7.040000000000000251e-03
2.400000000000000000e+02 6.219999999999999835e-03 9.020000000000000240e-03 7.320000000000000118e-03
2.500000000000000000e+02 6.450000000000000872e-03 9.320000000000000159e-03 7.610000000000000445e-03
2.600000000000000000e+02 6.689999999999999766e-03 9.620000000000000079e-03 7.879999999999999852e-03
2.700000000000000000e+02 6.930000000000000396e-03 9.930000000000001326e-03 8.179999999999999771e-03
2.800000000000000000e+02 7.170000000000000158e-03 1.022999999999999951e-02 8.449999999999999178e-03
2.900000000000000000e+02 7.400000000000000328e-03 1.054000000000000076e-02 8.739999999999999505e-03
3.000000000000000000e+02 7.650000000000001417e-03 1.085999999999999986e-02 9.020000000000000240e-03
3.100000000000000000e+02 7.890000000000001179e-03 1.116999999999999937e-02 9.309999999999998832e-03
3.200000000000000000e+02 8.130000000000001809e-03 1.148000000000000062e-02 9.590000000000001301e-03
3.300000000000000000e+02 8.360000000000002846e-03 1.180000000000000146e-02 9.879999999999999893e-03
3.400000000000000000e+02 8.620000000000000925e-03 1.212000000000000056e-02 1.017999999999999981e-02
3.500000000000000000e+02 8.850000000000001962e-03 1.244000000000000140e-02 1.045000000000000095e-02
3.600000000000000000e+02 9.090000000000002592e-03 1.276000000000000051e-02 1.074999999999999914e-02
3.700000000000000000e+02 9.350000000000002406e-03 1.308000000000000135e-02 1.104000000000000120e-02
3.800000000000000000e+02 9.579999999999999974e-03 1.339999999999999872e-02 1.132000000000000020e-02
3.900000000000000000e+02 9.819999999999997134e-03 1.371999999999999956e-02 1.160999999999999879e-02
4.000000000000000000e+02 1.008000000000000215e-02 1.404000000000000040e-02 1.191000000000000045e-02
4.100000000000000000e+02 1.030999999999999972e-02 1.435999999999999950e-02 1.217999999999999985e-02
4.200000000000000000e+02 1.055000000000000035e-02 1.468999999999999993e-02 1.247999999999999977e-02
4.300000000000000000e+02 1.081000000000000363e-02 1.499999999999999944e-02 1.277000000000000010e-02
4.400000000000000000e+02 1.103999999999999773e-02 1.532999999999999814e-02 1.304999999999999910e-02
4.500000000000000000e+02 1.129000000000000316e-02 1.566000000000000031e-02 1.334000000000000116e-02
4.600000000000000000e+02 1.154000000000000165e-02 1.598000000000000115e-02 1.363999999999999935e-02
4.700000000000000000e+02 1.176999999999999921e-02 1.630000000000000199e-02 1.393999999999999927e-02
4.800000000000000000e+02 1.202999999999999729e-02 1.662999999999999895e-02 1.421000000000000041e-02
4.900000000000000000e+02 1.227000000000000139e-02 1.695999999999999938e-02 1.450999999999999859e-02
5.000000000000000000e+02 1.251000000000000029e-02 1.728999999999999981e-02 1.480000000000000066e-02
5.100000000000000000e+02 1.276000000000000051e-02 1.761000000000000065e-02 1.510000000000000057e-02
5.200000000000000000e+02 1.299999999999999940e-02 1.794000000000000108e-02 1.536999999999999998e-02
5.300000000000000000e+02 1.324999999999999616e-02 1.827000000000000152e-02 1.566999999999999990e-02
5.400000000000000000e+02 1.349000000000000546e-02 1.859999999999999848e-02 1.596999999999999809e-02
5.500000000000000000e+02 1.373999999999999701e-02 1.892999999999999891e-02 1.626000000000000015e-02
5.600000000000000000e+02 1.399000000000000417e-02 1.925999999999999934e-02 1.653999999999999915e-02
5.700000000000000000e+02 1.423000000000000827e-02 1.958999999999999977e-02 1.683000000000000121e-02
5.800000000000000000e+02 1.447999999999999982e-02 1.991000000000000061e-02 1.712999999999999939e-02
5.900000000000000000e+02 1.472000000000000045e-02 2.024000000000000105e-02 1.743000000000000105e-02
6.000000000000000000e+02 1.495999999999999761e-02 2.057000000000000148e-02 1.770000000000000046e-02
6.100000000000000000e+02 1.521000000000000303e-02 2.090999999999999803e-02 1.799999999999999864e-02
6.200000000000000000e+02 1.546000000000000152e-02 2.124000000000000193e-02 1.830000000000000029e-02
6.300000000000000000e+02 1.570999999999999827e-02 2.156999999999999890e-02 1.859000000000000236e-02
6.400000000000000000e+02 1.594999999999999890e-02 2.190000000000000280e-02 1.887000000000000136e-02
6.500000000000000000e+02 1.619999999999999218e-02 2.222999999999999976e-02 1.915999999999999995e-02
6.600000000000000000e+02 1.645000000000000281e-02 2.256000000000000019e-02 1.945999999999999813e-02
6.700000000000000000e+02 1.667999999999999344e-02 2.289999999999999675e-02 1.975999999999999979e-02
6.800000000000000000e+02 1.693000000000000060e-02 2.322000000000000106e-02 2.002999999999999919e-02
6.900000000000000000e+02 1.717999999999999389e-02 2.355000000000000149e-02 2.033000000000000085e-02
7.000000000000000000e+02 1.743000000000000452e-02 2.389000000000000151e-02 2.063000000000000250e-02
7.100000000000000000e+02 1.767000000000000515e-02 2.420999999999999888e-02 2.092000000000000109e-02
7.200000000000000000e+02 1.792000000000000190e-02 2.453999999999999931e-02 2.121999999999999928e-02
7.300000000000000000e+02 1.816999999999999518e-02 2.488000000000000281e-02 2.148999999999999869e-02
7.400000000000000000e+02 1.840999999999999581e-02 2.521000000000000324e-02 2.179000000000000034e-02
7.500000000000000000e+02 1.865999999999999603e-02 2.554000000000000020e-02 2.208999999999999853e-02
7.600000000000000000e+02 1.890000000000000013e-02 2.587999999999999676e-02 2.238000000000000059e-02
7.700000000000000000e+02 1.915999999999999995e-02 2.620999999999999719e-02 2.267999999999999877e-02
7.800000000000000000e+02 1.940000000000000405e-02 2.655000000000000068e-02 2.296000000000000124e-02
7.900000000000000000e+02 1.965000000000000080e-02 2.688000000000000111e-02 2.324999999999999983e-02
8.000000000000000000e+02 1.988999999999999449e-02 2.721000000000000155e-02 2.354999999999999802e-02
8.100000000000000000e+02 2.013999999999999818e-02 2.754000000000000198e-02 2.384000000000000008e-02
8.200000000000000000e+02 2.039000000000000534e-02 2.786999999999999894e-02 2.412000000000000255e-02
8.300000000000000000e+02 2.062000000000000638e-02 2.820999999999999897e-02 2.441999999999999726e-02
8.400000000000000000e+02 2.087999999999999926e-02 2.854000000000000287e-02 2.470999999999999586e-02
8.500000000000000000e+02 2.111999999999999295e-02 2.886999999999999983e-02 2.501000000000000098e-02
8.600000000000000000e+02 2.137000000000000705e-02 2.920999999999999985e-02 2.530999999999999917e-02
8.700000000000000000e+02 2.161000000000000421e-02 2.953999999999999682e-02 2.557999999999999857e-02
8.800000000000000000e+02 2.186999999999999708e-02 2.987999999999999684e-02 2.588000000000000023e-02
8.900000000000000000e+02 2.210999999999999771e-02 3.021000000000000074e-02 2.618000000000000188e-02
9.000000000000000000e+02 2.235999999999999793e-02 3.054000000000000117e-02 2.647000000000000047e-02
9.100000000000000000e+02 2.260000000000000897e-02 3.087999999999999773e-02 2.677000000000000213e-02
9.200000000000000000e+02 2.285000000000000225e-02 3.121000000000000163e-02 2.705000000000000113e-02
9.300000000000000000e+02 2.310000000000000248e-02 3.154999999999999472e-02 2.733999999999999972e-02
9.400000000000000000e+02 2.334999999999998882e-02 3.187999999999999862e-02 2.763999999999999790e-02
9.500000000000000000e+02 2.358999999999999986e-02 3.221999999999999864e-02 2.793999999999999956e-02
9.600000000000000000e+02 2.384000000000000008e-02 3.255000000000000254e-02 2.822999999999999815e-02
9.700000000000000000e+02 2.408999999999999683e-02 3.286999999999999644e-02 2.851000000000000062e-02
9.800000000000000000e+02 2.434000000000000399e-02 3.321000000000000341e-02 2.879999999999999921e-02
9.900000000000000000e+02 2.458000000000000462e-02 3.354000000000000037e-02 2.910000000000000087e-02
1.000000000000000000e+03 2.482999999999998750e-02 3.388000000000000039e-02 2.939999999999999905e-02
1.010000000000000000e+03 2.507999999999999119e-02 3.420999999999999736e-02 2.969000000000000111e-02
1.020000000000000000e+03 2.532000000000000223e-02 3.454999999999999738e-02 2.997000000000000011e-02
1.030000000000000000e+03 2.557000000000000592e-02 3.488000000000000128e-02 3.026999999999999830e-02
1.040000000000000000e+03 2.580999999999999267e-02 3.520999999999999824e-02 3.056000000000000383e-02
1.050000000000000000e+03 2.606000000000000677e-02 3.554999999999999827e-02 3.085999999999999854e-02
1.060000000000000000e+03 2.630999999999999658e-02 3.588000000000000217e-02 3.116000000000000020e-02
1.070000000000000000e+03 2.655000000000000415e-02 3.622000000000000219e-02 3.145000000000000573e-02
1.080000000000000000e+03 2.679999999999999744e-02 3.654999999999999916e-02 3.173000000000000126e-02
1.090000000000000000e+03 2.704999999999999419e-02 3.688999999999999918e-02 3.203000000000000291e-02
1.100000000000000000e+03 2.729999999999999788e-02 3.722000000000000308e-02 3.232000000000000151e-02
1.110000000000000000e+03 2.753999999999999504e-02 3.756000000000000311e-02 3.262000000000000316e-02
1.120000000000000000e+03 2.779000000000001608e-02 3.790000000000000313e-02 3.291999999999999788e-02
1.130000000000000000e+03 2.803999999999999895e-02 3.823000000000000009e-02 3.318999999999999728e-02
1.140000000000000000e+03 2.829000000000000264e-02 3.857000000000000012e-02 3.349000000000000588e-02
1.150000000000000000e+03 2.852999999999998246e-02 3.890000000000000402e-02 3.379000000000000059e-02
1.160000000000000000e+03 2.877999999999999309e-02 3.923999999999999710e-02 3.407999999999999918e-02
1.170000000000000000e+03 2.903000000000000025e-02 3.957000000000000101e-02 3.438000000000000084e-02
1.180000000000000000e+03 2.927000000000000782e-02 3.991000000000000103e-02 3.466000000000000331e-02
1.190000000000000000e+03 2.951999999999999763e-02 4.023999999999999799e-02 3.495000000000000190e-02
1.200000000000000000e+03 2.975999999999999479e-02 4.057999999999999802e-02 3.524999999999999661e-02
1.210000000000000000e+03 3.001999999999999807e-02 4.091000000000000192e-02 3.554999999999999827e-02
1.220000000000000000e+03 3.025999999999999523e-02 4.123999999999999888e-02 3.583999999999999686e-02
1.230000000000000000e+03 3.051999999999999852e-02 4.157999999999999891e-02 3.611999999999999933e-02
1.240000000000000000e+03 3.074999999999999262e-02 4.191000000000000281e-02 3.642000000000000098e-02
1.250000000000000000e+03 3.100999999999999590e-02 4.225000000000000283e-02 3.670999999999999958e-02
1.260000000000000000e+03 3.125000000000000000e-02 4.257999999999999979e-02 3.701000000000000123e-02
1.270000000000000000e+03 3.150999999999999635e-02 4.291999999999999982e-02 3.731000000000000288e-02
1.280000000000000000e+03 3.174000000000000432e-02 4.324999999999999678e-02 3.760000000000000148e-02
1.290000000000000000e+03 3.200000000000000067e-02 4.359000000000000374e-02 3.787999999999999701e-02
1.300000000000000000e+03 3.223999999999999089e-02 4.392000000000000071e-02 3.817999999999999866e-02
1.310000000000000000e+03 3.249000000000000499e-02 4.427000000000000379e-02 3.847000000000000419e-02
1.320000000000000000e+03 3.273000000000000215e-02 4.460000000000000075e-02 3.876999999999999891e-02
1.330000000000000000e+03 3.298000000000000237e-02 4.494000000000000078e-02 3.907000000000000056e-02
1.340000000000000000e+03 3.322999999999999565e-02 4.527000000000000468e-02 3.933999999999999997e-02
1.350000000000000000e+03 3.348000000000000281e-02 4.560000000000000164e-02 3.964000000000000162e-02
1.360000000000000000e+03 3.371999999999999997e-02 4.594000000000000167e-02 3.994000000000000328e-02
1.370000000000000000e+03 3.396999999999998632e-02 4.626999999999999863e-02 4.023000000000000187e-02
1.380000000000000000e+03 3.421999999999998654e-02 4.660999999999999865e-02 4.052999999999999658e-02
1.390000000000000000e+03 3.446999999999999370e-02 4.693999999999999562e-02 4.080999999999999905e-02
1.400000000000000000e+03 3.471999999999999392e-02 4.728000000000000258e-02 4.109999999999999765e-02
1.410000000000000000e+03 3.495000000000000190e-02 4.760999999999999954e-02 4.139999999999999930e-02
1.420000000000000000e+03 3.520999999999999824e-02 4.794999999999999957e-02 4.168999999999999789e-02
1.430000000000000000e+03 3.544999999999999540e-02 4.828000000000000347e-02 4.198999999999999955e-02
1.440000000000000000e+03 3.570999999999999869e-02 4.861999999999999655e-02 4.229000000000000120e-02
1.450000000000000000e+03 3.593999999999998585e-02 4.895000000000000739e-02 4.256000000000000061e-02
1.460000000000000000e+03 3.619999999999999607e-02 4.929999999999999660e-02 4.285999999999999532e-02
1.470000000000000000e+03 3.643999999999998629e-02 4.962999999999999357e-02 4.316000000000000392e-02
1.480000000000000000e+03 3.668999999999999345e-02 4.997000000000000053e-02 4.345000000000000251e-02
1.490000000000000000e+03 3.692999999999998367e-02 5.029999999999999749e-02 4.374999999999999722e-02
1.500000000000000000e+03 3.718000000000000471e-02 5.064000000000000445e-02 4.402999999999999969e-02
1.510000000000000000e+03 3.742999999999999799e-02 5.097000000000000142e-02 4.431999999999999829e-02
1.520000000000000000e+03 3.767999999999999128e-02 5.130000000000000532e-02 4.461999999999999994e-02
1.530000000000000000e+03 3.792999999999999844e-02 5.164000000000000534e-02 4.492000000000000159e-02
1.540000000000000000e+03 3.816999999999999560e-02 5.197000000000000230e-02 4.521000000000000019e-02
1.550000000000000000e+03 3.842000000000000276e-02 5.231000000000000233e-02 4.551000000000000184e-02
1.560000000000000000e+03 3.866999999999999604e-02 5.264000000000000623e-02 4.578999999999999737e-02
1.570000000000000000e+03 3.891999999999998239e-02 5.297999999999999932e-02 4.608000000000000290e-02
1.580000000000000000e+03 3.916000000000000036e-02 5.331000000000000322e-02 4.637999999999999762e-02
1.590000000000000000e+03 3.941000000000001446e-02 5.365000000000000324e-02 4.667999999999999927e-02
1.600000000000000000e+03 3.966000000000000081e-02 5.398000000000000020e-02 4.696999999999999786e-02
1.610000000000000000e+03 3.991000000000000797e-02 5.433000000000000329e-02 4.725000000000000033e-02
1.620000000000000000e+03 4.015000000000000513e-02 5.466000000000000025e-02 4.754999999999999505e-02
1.630000000000000000e+03 4.039999999999999147e-02 5.500000000000000028e-02 4.783999999999999364e-02
1.640000000000000000e+03 4.065000000000000557e-02 5.533000000000000418e-02 4.813999999999999529e-02
1.650000000000000000e+03 4.088999999999999579e-02 5.566999999999999726e-02 4.844000000000000389e-02
1.660000000000000000e+03 4.114999999999998520e-02 5.600000000000000810e-02 4.871000000000000330e-02
1.670000000000000000e+03 4.138000000000000705e-02 5.634000000000000119e-02 4.900999999999999801e-02
1.680000000000000000e+03 4.163999999999998258e-02 5.666999999999999815e-02 4.930999999999999966e-02
1.690000000000000000e+03 4.188000000000000056e-02 5.701000000000000512e-02 4.959999999999999826e-02
1.700000000000000000e+03 4.213999999999999690e-02 5.734000000000000208e-02 4.989999999999999991e-02
1.710000000000000000e+03 4.236999999999999100e-02 5.768000000000000210e-02 5.020000000000000157e-02
1.720000000000000000e+03 4.263000000000000123e-02 5.801000000000000600e-02 5.047000000000000097e-02
1.730000000000000000e+03 4.286999999999999839e-02 5.834999999999999909e-02 5.077000000000000263e-02
1.740000000000000000e+03 4.312999999999999473e-02 5.869000000000000605e-02 5.107000000000000428e-02
1.750000000000000000e+03 4.335999999999998883e-02 5.902999999999999914e-02 5.136000000000000287e-02
1.760000000000000000e+03 4.362000000000000599e-02 5.936000000000000304e-02 5.165999999999999759e-02
1.770000000000000000e+03 4.385999999999998927e-02 5.969000000000000694e-02 5.194000000000000006e-02
1.780000000000000000e+03 4.412000000000000643e-02 6.003000000000000003e-02 5.222999999999999865e-02
1.790000000000000000e+03 4.436000000000001053e-02 6.036000000000000393e-02 5.253000000000000724e-02
1.800000000000000000e+03 4.460999999999998994e-02 6.070000000000000395e-02 5.283000000000000196e-02
1.810000000000000000e+03 4.485000000000000098e-02 6.103000000000000091e-02 5.312000000000000055e-02
1.820000000000000000e+03 4.510000000000000120e-02 6.137000000000000094e-02 5.341999999999999527e-02
1.830000000000000000e+03 4.535000000000000836e-02 6.170000000000000484e-02 5.369999999999999774e-02
1.840000000000000000e+03 4.558999999999999164e-02 6.203999999999999793e-02 5.398999999999999633e-02
1.850000000000000000e+03 4.583999999999997799e-02 6.237000000000000183e-02 5.429000000000000492e-02
1.860000000000000000e+03 4.609000000000000596e-02 6.271999999999999797e-02 5.458999999999999964e-02
1.870000000000000000e+03 4.633999999999998537e-02 6.304999999999999494e-02 5.489000000000000129e-02
1.880000000000000000e+03 4.658999999999999947e-02 6.339000000000000190e-02 5.517999999999999988e-02
1.890000000000000000e+03 4.683000000000001051e-02 6.371999999999999886e-02 5.545999999999999541e-02
1.900000000000000000e+03 4.707999999999998991e-02 6.406000000000000583e-02 5.575999999999999707e-02
1.910000000000000000e+03 4.732999999999999707e-02 6.439000000000000279e-02 5.605000000000000260e-02
1.920000000000000000e+03 4.757999999999998342e-02 6.472999999999999587e-02 5.634999999999999731e-02
1.930000000000000000e+03 4.781999999999999446e-02 6.506000000000000671e-02 5.664999999999999897e-02
1.940000000000000000e+03 4.807000000000001549e-02 6.539999999999999980e-02 5.691999999999999837e-02
1.950000000000000000e+03 4.832000000000000878e-02 6.573000000000001064e-02 5.722000000000000003e-02
1.960000000000000000e+03 4.856999999999999512e-02 6.607000000000000373e-02 5.752000000000000168e-02
1.970000000000000000e+03 4.880999999999999922e-02 6.640000000000000069e-02 5.781000000000000028e-02
1.980000000000000000e+03 4.905999999999999250e-02 6.675000000000000377e-02 5.811000000000000193e-02
1.990000000000000000e+03 4.931000000000000660e-02 6.708000000000000074e-02 5.841000000000000358e-02
2.000000000000000000e+03 4.955999999999999295e-02 6.742000000000000770e-02 5.867999999999999605e-02
